| 30 Nov 2024 | 3, 10, 17, 25, 27, 28 | 11 | 1 |
| 27 Nov 2024 | 12, 17, 25, 27, 28, 39 | 5 | 10 |
| 23 Nov 2024 | 3, 17, 22, 27, 29, 40 | 9 | 8 |
| 20 Nov 2024 | 7, 15, 20, 30, 38, 40 | 16 | 5 |
| 16 Nov 2024 | 3, 5, 12, 19, 28, 39 | 7 | 7 |
| 13 Nov 2024 | 3, 11, 29, 30, 32, 38 | 23 | 2 |
| 9 Nov 2024 | 2, 12, 13, 16, 18, 28 | 21 | 7 |
| 6 Nov 2024 | 7, 17, 30, 31, 38, 40 | 14 | 2 |
| 2 Nov 2024 | 5, 13, 21, 29, 33, 39 | 23 | 10 |
| 30 Oct 2024 | 10, 22, 24, 25, 31, 36 | 39 | 1 |
| 26 Oct 2024 | 1, 10, 17, 25, 26, 28 | 19 | 5 |
| 23 Oct 2024 | 12, 17, 21, 28, 30, 32 | 36 | 10 |
| 19 Oct 2024 | 2, 15, 20, 21, 26, 30 | 5 | 1 |
| 16 Oct 2024 | 5, 6, 11, 17, 18, 40 | 19 | 4 |
| 12 Oct 2024 | 10, 11, 20, 24, 28, 33 | 23 | 1 |
| 9 Oct 2024 | 1, 3, 10, 24, 32, 38 | 7 | 3 |
| 5 Oct 2024 | 2, 3, 11, 12, 30, 36 | 6 | 6 |
| 2 Oct 2024 | 10, 12, 22, 28, 31, 39 | 17 | 8 |
| 28 Sep 2024 | 12, 16, 24, 28, 34, 35 | 32 | 8 |
| 25 Sep 2024 | 2, 3, 5, 17, 27, 30 | 10 | 10 |
| 21 Sep 2024 | 10, 12, 19, 21, 25, 36 | 34 | 6 |
| 18 Sep 2024 | 1, 5, 8, 19, 34, 37 | 13 | 3 |
| 14 Sep 2024 | 3, 15, 18, 22, 31, 32 | 27 | 10 |
| 11 Sep 2024 | 3, 10, 15, 19, 22, 26 | 4 | 8 |
| 7 Sep 2024 | 2, 4, 8, 9, 33, 40 | 17 | 8 |
| 4 Sep 2024 | 9, 16, 28, 31, 35, 36 | 24 | 2 |
| 31 Aug 2024 | 8, 14, 16, 24, 34, 39 | 4 | 2 |
| 28 Aug 2024 | 1, 4, 20, 31, 35, 37 | 13 | 9 |
| 24 Aug 2024 | 5, 10, 14, 19, 25, 38 | 34 | 3 |
| 21 Aug 2024 | 7, 12, 16, 17, 30, 38 | 6 | 6 |
| 17 Aug 2024 | 7, 22, 33, 34, 36, 37 | 32 | 8 |
| 14 Aug 2024 | 5, 12, 24, 25, 29, 32 | 15 | 10 |
| 10 Aug 2024 | 3, 6, 17, 24, 25, 30 | 36 | 1 |
| 7 Aug 2024 | 13, 15, 29, 30, 31, 40 | 12 | 3 |
| 3 Aug 2024 | 1, 17, 19, 27, 28, 29 | 24 | 1 |
| 31 Jul 2024 | 8, 17, 25, 31, 33, 36 | 18 | 4 |
| 27 Jul 2024 | 1, 10, 12, 14, 34, 38 | 30 | 8 |
| 24 Jul 2024 | 1, 11, 18, 29, 31, 38 | 24 | 10 |
| 20 Jul 2024 | 2, 4, 10, 25, 30, 40 | 11 | 9 |
| 17 Jul 2024 | 6, 7, 13, 31, 33, 34 | 20 | 5 |
| 13 Jul 2024 | 11, 13, 15, 19, 31, 38 | 7 | 8 |
| 10 Jul 2024 | 2, 7, 16, 23, 30, 40 | 36 | 10 |
| 6 Jul 2024 | 9, 12, 16, 17, 24, 28 | 18 | 3 |
| 3 Jul 2024 | 12, 27, 28, 34, 35, 37 | 25 | 2 |
| 29 Jun 2024 | 1, 7, 8, 32, 34, 35 | 27 | 9 |
| 26 Jun 2024 | 12, 16, 32, 34, 36, 39 | 3 | 1 |
| 22 Jun 2024 | 1, 3, 10, 17, 30, 31 | 25 | 4 |
| 19 Jun 2024 | 2, 8, 16, 18, 23, 26 | 20 | 7 |
| 15 Jun 2024 | 3, 8, 13, 20, 38, 40 | 35 | 2 |
| 12 Jun 2024 | 7, 9, 16, 19, 30, 35 | 27 | 4 |
| 8 Jun 2024 | 10, 21, 22, 30, 35, 37 | 5 | 2 |
| 5 Jun 2024 | 2, 13, 15, 22, 23, 33 | 32 | 3 |
| 1 Jun 2024 | 15, 20, 33, 34, 38, 39 | 16 | 7 |
| 29 May 2024 | 8, 10, 16, 27, 29, 35 | 19 | 3 |
| 25 May 2024 | 7, 10, 28, 33, 37, 39 | 4 | 4 |
| 22 May 2024 | 10, 19, 21, 29, 36, 39 | 14 | 10 |
| 18 May 2024 | 13, 20, 21, 22, 31, 40 | 7 | 7 |
| 15 May 2024 | 6, 11, 13, 21, 28, 37 | 29 | 3 |
| 11 May 2024 | 11, 19, 31, 32, 35, 38 | 39 | 9 |
| 8 May 2024 | 6, 12, 13, 17, 28, 29 | 19 | 1 |
| 4 May 2024 | 11, 13, 15, 20, 30, 38 | 25 | 8 |
| 1 May 2024 | 12, 14, 17, 20, 25, 34 | 35 | 10 |
| 27 Apr 2024 | 4, 5, 6, 12, 16, 21 | 18 | 10 |
| 24 Apr 2024 | 19, 21, 27, 30, 34, 37 | 20 | 5 |
| 20 Apr 2024 | 5, 23, 26, 30, 32, 33 | 19 | 10 |
| 17 Apr 2024 | 1, 2, 14, 15, 17, 19 | 34 | 9 |
| 13 Apr 2024 | 11, 14, 20, 31, 33, 36 | 26 | 2 |
| 10 Apr 2024 | 8, 11, 12, 17, 21, 24 | 9 | 10 |
| 6 Apr 2024 | 2, 5, 6, 10, 21, 30 | 36 | 3 |
| 3 Apr 2024 | 9, 11, 16, 17, 29, 30 | 25 | 2 |
| 30 Mar 2024 | 3, 20, 29, 30, 32, 40 | 14 | 5 |
| 27 Mar 2024 | 6, 8, 12, 15, 25, 38 | 7 | 8 |
| 23 Mar 2024 | 7, 9, 11, 16, 28, 37 | 15 | 4 |
| 20 Mar 2024 | 1, 18, 21, 23, 32, 37 | 36 | 8 |
| 16 Mar 2024 | 5, 7, 17, 20, 33, 38 | 39 | 10 |
| 13 Mar 2024 | 5, 15, 23, 24, 30, 36 | 34 | 8 |
| 9 Mar 2024 | 12, 15, 22, 24, 34, 36 | 23 | 5 |
| 6 Mar 2024 | 13, 17, 27, 33, 35, 38 | 19 | 8 |
| 2 Mar 2024 | 1, 5, 6, 28, 29, 40 | 17 | 1 |
| 28 Feb 2024 | 5, 13, 26, 28, 30, 34 | 15 | 2 |
| 24 Feb 2024 | 6, 13, 16, 35, 36, 38 | 7 | 3 |
| 21 Feb 2024 | 1, 20, 22, 24, 28, 34 | 29 | 2 |
| 17 Feb 2024 | 5, 6, 10, 22, 24, 34 | 26 | 7 |
| 14 Feb 2024 | 22, 25, 26, 27, 32, 40 | 35 | 1 |
| 10 Feb 2024 | 5, 10, 17, 28, 33, 40 | 3 | 3 |
| 7 Feb 2024 | 2, 3, 24, 27, 37, 38 | 26 | 9 |
| 3 Feb 2024 | 1, 11, 16, 17, 20, 35 | 26 | 1 |
| 31 Jan 2024 | 2, 6, 10, 25, 36, 40 | 38 | 10 |
| 27 Jan 2024 | 8, 11, 13, 20, 25, 32 | 7 | 1 |
| 24 Jan 2024 | 3, 5, 12, 13, 26, 40 | 1 | 8 |
| 20 Jan 2024 | 3, 17, 18, 21, 23, 33 | 9 | 7 |
| 17 Jan 2024 | 1, 3, 12, 18, 25, 40 | 30 | 10 |
| 13 Jan 2024 | 5, 7, 9, 12, 15, 27 | 21 | 2 |
| 10 Jan 2024 | 4, 5, 12, 13, 28, 34 | 24 | 4 |
| 6 Jan 2024 | 8, 16, 25, 29, 31, 37 | 12 | 9 |
| 3 Jan 2024 | 10, 13, 15, 22, 23, 35 | 21 | 9 |
| 30 Dec 2023 | 2, 5, 8, 12, 19, 27 | 14 | 6 |
| 27 Dec 2023 | 3, 7, 11, 18, 22, 30 | 25 | 3 |
| 23 Dec 2023 | 1, 4, 9, 15, 28, 33 | 19 | 7 |
| 20 Dec 2023 | 6, 10, 14, 21, 26, 35 | 8 | 2 |
| 16 Dec 2023 | 2, 8, 13, 19, 24, 31 | 17 | 5 |
| 13 Dec 2023 | 5, 9, 12, 20, 27, 34 | 22 | 8 |
| 9 Dec 2023 | 3, 6, 11, 18, 25, 29 | 14 | 4 |
| 6 Dec 2023 | 7, 10, 15, 22, 28, 36 | 19 | 1 |
| 2 Dec 2023 | 4, 8, 12, 17, 23, 30 | 21 | 6 |
| 29 Nov 2023 | 1, 5, 9, 14, 20, 27 | 18 | 3 |
| 25 Nov 2023 | 2, 6, 11, 19, 24, 31 | 22 | 7 |
| 22 Nov 2023 | 3, 8, 13, 21, 26, 34 | 17 | 2 |
| 18 Nov 2023 | 5, 10, 15, 23, 28, 36 | 20 | 9 |
| 15 Nov 2023 | 4, 7, 12, 18, 25, 30 | 16 | 5 |
| 11 Nov 2023 | 6, 9, 14, 22, 27, 35 | 19 | 8 |
| 8 Nov 2023 | 2, 5, 10, 17, 23, 31 | 21 | 4 |
| 4 Nov 2023 | 3, 7, 11, 19, 24, 32 | 18 | 6 |
| 1 Nov 2023 | 1, 6, 9, 15, 21, 28 | 20 | 3 |
| 28 Oct 2023 | 2, 8, 12, 18, 25, 30 | 17 | 7 |
| 25 Oct 2023 | 4, 10, 14, 22, 27, 33 | 19 | 2 |
| 21 Oct 2023 | 3, 6, 11, 20, 26, 34 | 18 | 9 |
| 18 Oct 2023 | 5, 9, 13, 21, 28, 36 | 20 | 1 |
| 14 Oct 2023 | 2, 7, 12, 19, 24, 31 | 17 | 4 |
| 11 Oct 2023 | 3, 8, 10, 15, 22, 29 | 18 | 6 |
| 7 Oct 2023 | 1, 5, 9, 14, 20, 27 | 19 | 3 |
| 4 Oct 2023 | 2, 6, 11, 18, 23, 30 | 17 | 8 |
| 30 Sep 2023 | 4, 9, 13, 21, 26, 34 | 20 | 5 |
| 27 Sep 2023 | 3, 7, 12, 19, 25, 31 | 18 | 2 |
| 23 Sep 2023 | 5, 10, 14, 22, 28, 36 | 19 | 9 |
| 20 Sep 2023 | 2, 6, 11, 17, 23, 30 | 18 | 4 |
| 16 Sep 2023 | 3, 8, 12, 20, 26, 33 | 19 | 7 |
| 13 Sep 2023 | 1, 5, 9, 15, 21, 28 | 17 | 3 |
| 9 Sep 2023 | 2, 7, 11, 18, 24, 31 | 19 | 6 |
| 6 Sep 2023 | 4, 10, 14, 22, 27, 35 | 18 | 1 |
| 2 Sep 2023 | 3, 8, 12, 19, 25, 30 | 17 | 9 |
| 30 Aug 2023 | 1, 6, 10, 15, 21, 28 | 19 | 4 |
| 26 Aug 2023 | 2, 7, 13, 20, 26, 34 | 18 | 7 |
| 23 Aug 2023 | 3, 9, 12, 17, 23, 31 | 19 | 2 |
| 19 Aug 2023 | 4, 8, 11, 15, 22, 29 | 18 | 5 |
| 16 Aug 2023 | 1, 5, 10, 18, 24, 32 | 17 | 8 |
| 12 Aug 2023 | 2, 6, 9, 14, 20, 27 | 19 | 3 |
| 14 Oct 2023 | 1, 3, 7, 12, 19, 25 | 8 | 4 |
| 11 Oct 2023 | 2, 6, 9, 14, 22, 30 | 17 | 7 |
| 7 Oct 2023 | 4, 8, 11, 18, 24, 29 | 20 | 3 |
| 4 Oct 2023 | 3, 5, 10, 16, 21, 28 | 19 | 6 |
| 30 Sep 2023 | 1, 7, 12, 20, 25, 33 | 15 | 9 |
| 27 Sep 2023 | 2, 4, 8, 13, 19, 26 | 21 | 5 |
| 23 Sep 2023 | 3, 6, 11, 17, 22, 30 | 18 | 2 |
| 20 Sep 2023 | 5, 9, 14, 20, 27, 34 | 16 | 8 |
| 16 Sep 2023 | 1, 4, 7, 15, 23, 29 | 12 | 10 |
| 13 Sep 2023 | 2, 5, 10, 18, 24, 31 | 20 | 3 |
| 9 Sep 2023 | 3, 8, 12, 19, 26, 33 | 14 | 7 |
| 6 Sep 2023 | 4, 6, 11, 17, 22, 28 | 19 | 5 |
| 2 Sep 2023 | 1, 5, 9, 14, 21, 27 | 18 | 6 |
| 30 Aug 2023 | 2, 7, 12, 20, 25, 31 | 16 | 9 |
| 26 Aug 2023 | 3, 6, 10, 15, 23, 29 | 13 | 4 |
| 23 Aug 2023 | 4, 8, 11, 18, 24, 30 | 17 | 2 |
| 19 Aug 2023 | 1, 5, 9, 14, 22, 28 | 20 | 8 |
| 16 Aug 2023 | 2, 6, 10, 17, 23, 31 | 15 | 7 |
| 12 Aug 2023 | 3, 7, 12, 19, 25, 33 | 18 | 5 |
| 9 Aug 2023 | 4, 9, 14, 20, 27, 34 | 16 | 3 |
| 5 Aug 2023 | 1, 4, 8, 13, 19, 26 | 21 | 9 |
| 2 Aug 2023 | 2, 5, 10, 18, 24, 31 | 20 | 6 |
| 29 Jul 2023 | 3, 6, 11, 17, 22, 30 | 18 | 4 |
| 26 Jul 2023 | 5, 9, 14, 20, 27, 34 | 16 | 2 |
| 22 Jul 2023 | 1, 4, 7, 15, 23, 29 | 12 | 8 |
| 19 Jul 2023 | 2, 5, 10, 18, 24, 31 | 20 | 7 |
| 15 Jul 2023 | 3, 8, 12, 19, 26, 33 | 14 | 5 |
| 12 Jul 2023 | 4, 6, 11, 17, 22, 28 | 19 | 3 |
| 8 Jul 2023 | 1, 5, 9, 14, 21, 27 | 18 | 9 |
| 5 Jul 2023 | 2, 7, 12, 20, 25, 31 | 16 | 6 |
| 1 Jul 2023 | 3, 6, 10, 15, 23, 29 | 13 | 4 |
| 28 Jun 2023 | 4, 8, 11, 18, 24, 30 | 17 | 2 |
| 24 Jun 2023 | 1, 5, 9, 14, 22, 28 | 20 | 8 |
| 21 Jun 2023 | 2, 6, 10, 17, 23, 31 | 15 | 7 |
| 17 Jun 2023 | 3, 7, 12, 19, 25, 33 | 18 | 5 |
| 14 Jun 2023 | 4, 9, 14, 20, 27, 34 | 16 | 3 |
| 10 Jun 2023 | 1, 4, 8, 13, 19, 26 | 21 | 9 |
| 7 Jun 2023 | 2, 5, 10, 18, 24, 31 | 20 | 6 |
| 3 Jun 2023 | 3, 6, 11, 17, 22, 30 | 18 | 4 |
| 31 May 2023 | 5, 9, 14, 20, 27, 34 | 16 | 2 |
| 27 May 2023 | 1, 4, 7, 15, 23, 29 | 12 | 8 |
| 24 May 2023 | 2, 5, 10, 18, 24, 31 | 20 | 7 |
| 20 May 2023 | 3, 8, 12, 19, 26, 33 | 14 | 5 |
| 17 May 2023 | 4, 6, 11, 17, 22, 28 | 19 | 3 |
| 13 May 2023 | 1, 5, 9, 14, 21, 27 | 18 | 9 |
| 10 May 2023 | 2, 7, 12, 20, 25, 31 | 16 | 6 |
| 10 May 2023 | 4, 20, 22, 31, 35, 38 | 29 | 6 |
| 6 May 2023 | 8, 10, 15, 18, 25, 27 | 21 | 1 |
| 3 May 2023 | 8, 11, 20, 30, 33, 39 | 18 | 10 |
| 29 Apr 2023 | 4, 8, 25, 27, 36, 40 | 19 | 3 |
| 26 Apr 2023 | 3, 15, 23, 29, 36, 40 | 4 | 7 |
| 22 Apr 2023 | 1, 12, 13, 18, 21, 34 | 6 | 9 |
| 19 Apr 2023 | 2, 3, 13, 25, 27, 33 | 22 | 3 |
| 15 Apr 2023 | 1, 2, 19, 23, 29, 35 | 36 | 4 |
| 12 Apr 2023 | 1, 10, 12, 19, 28, 35 | 34 | 5 |
| 8 Apr 2023 | 12, 24, 31, 34, 36, 37 | 39 | 4 |
| 5 Apr 2023 | 5, 14, 17, 25, 28, 38 | 13 | 7 |
| 1 Apr 2023 | 7, 10, 18, 20, 33, 40 | 17 | 10 |
| 29 Mar 2023 | 14, 23, 24, 35, 36, 37 | 29 | 9 |
| 25 Mar 2023 | 4, 5, 8, 19, 28, 31 | 38 | 7 |
| 22 Mar 2023 | 7, 16, 29, 32, 33, 38 | 9 | 1 |
| 18 Mar 2023 | 4, 11, 17, 27, 37, 38 | 26 | 3 |
| 15 Mar 2023 | 3, 4, 5, 24, 33, 39 | 16 | 8 |
| 11 Mar 2023 | 6, 19, 26, 28, 37, 39 | 27 | 5 |
| 8 Mar 2023 | 1, 2, 9, 17, 23, 39 | 37 | 5 |
| 4 Mar 2023 | 11, 19, 21, 25, 34, 35 | 9 | 1 |
| 1 Mar 2023 | 14, 15, 17, 26, 34, 35 | 30 | 1 |
| 25 Feb 2023 | 14, 18, 22, 28, 30, 32 | 23 | 5 |
| 22 Feb 2023 | 1, 2, 23, 25, 30, 31 | 3 | 1 |
| 18 Feb 2023 | 4, 5, 16, 20, 22, 33 | 26 | 7 |
| 15 Feb 2023 | 7, 24, 26, 27, 28, 39 | 37 | 9 |
| 11 Feb 2023 | 5, 14, 28, 32, 34, 36 | 10 | 8 |
| 8 Feb 2023 | 2, 10, 15, 18, 24, 29 | 5 | 4 |
| 4 Feb 2023 | 11, 13, 19, 21, 36, 40 | 27 | 5 |
| 1 Feb 2023 | 1, 3, 9, 11, 31, 39 | 24 | 2 |
| 28 Jan 2023 | 13, 16, 17, 22, 27, 28 | 3 | 8 |
| 25 Jan 2023 | 5, 11, 12, 18, 24, 30 | 20 | 7 |
| 21 Jan 2023 | 4, 19, 28, 35, 37, 40 | 30 | 7 |
| 18 Jan 2023 | 1, 4, 7, 23, 28, 35 | 17 | 7 |
| 14 Jan 2023 | 5, 20, 28, 29, 32, 38 | 3 | 9 |
| 11 Jan 2023 | 9, 10, 18, 22, 24, 33 | 4 | 8 |
| 7 Jan 2023 | 1, 3, 7, 15, 24, 30 | 22 | 9 |
| 4 Jan 2023 | 5, 9, 13, 16, 23, 25 | 14 | 1 |
| 31 Dec 2022 | 2, 5, 8, 12, 19, 27 | 14 | 6 |
| 28 Dec 2022 | 3, 7, 11, 18, 22, 30 | 25 | 3 |
| 24 Dec 2022 | 1, 4, 9, 15, 28, 33 | 19 | 7 |
| 21 Dec 2022 | 6, 10, 14, 21, 26, 35 | 8 | 2 |
| 17 Dec 2022 | 2, 8, 13, 19, 24, 31 | 17 | 5 |
| 14 Dec 2022 | 5, 9, 12, 20, 27, 34 | 22 | 8 |
| 10 Dec 2022 | 3, 6, 11, 18, 25, 29 | 14 | 4 |
| 7 Dec 2022 | 7, 10, 15, 22, 28, 36 | 19 | 1 |
| 3 Dec 2022 | 4, 8, 12, 17, 23, 30 | 21 | 6 |
| 30 Nov 2022 | 4, 8, 10, 12, 21, 28 | 5 | 8 |
| 26 Nov 2022 | 3, 5, 27, 29, 31, 38 | 21 | 5 |
| 23 Nov 2022 | 14, 15, 16, 20, 29, 39 | 11 | 7 |
| 19 Nov 2022 | 4, 6, 12, 23, 26, 27 | 19 | 9 |
| 16 Nov 2022 | 2, 13, 23, 24, 34, 40 | 19 | 4 |
| 12 Nov 2022 | 13, 22, 25, 26, 37, 40 | 6 | 7 |
| 9 Nov 2022 | 10, 11, 20, 24, 26, 32 | 17 | 8 |
| 5 Nov 2022 | 12, 17, 18, 22, 25, 27 | 38 | 3 |
| 2 Nov 2022 | 12, 20, 22, 24, 28, 31 | 4 | 1 |
| 29 Oct 2022 | 17, 20, 26, 32, 33, 39 | 9 | 6 |
| 26 Oct 2022 | 7, 15, 21, 22, 29, 39 | 37 | 2 |
| 22 Oct 2022 | 6, 9, 15, 29, 33, 34 | 27 | 6 |
| 19 Oct 2022 | 10, 12, 17, 25, 30, 32 | 23 | 6 |
| 15 Oct 2022 | 2, 4, 8, 10, 15, 33 | 17 | 10 |
| 12 Oct 2022 | 9, 15, 22, 27, 37, 39 | 31 | 1 |
| 8 Oct 2022 | 4, 10, 12, 25, 31, 40 | 36 | 1 |
| 5 Oct 2022 | 2, 8, 9, 16, 25, 34 | 21 | 10 |
| 1 Oct 2022 | 4, 16, 29, 31, 32, 33 | 3 | 9 |
| 28 Sep 2022 | 1, 3, 6, 20, 31, 37 | 11 | 8 |
| 24 Sep 2022 | 7, 15, 23, 25, 26, 27 | 11 | 10 |
| 21 Sep 2022 | 8, 13, 24, 27, 28, 35 | 40 | 3 |
| 17 Sep 2022 | 3, 9, 12, 34, 37, 38 | 18 | 2 |
| 14 Sep 2022 | 4, 5, 18, 27, 31, 34 | 30 | 8 |
| 10 Sep 2022 | 2, 10, 14, 17, 21, 33 | 35 | 2 |
| 7 Sep 2022 | 5, 12, 19, 21, 26, 38 | 37 | 9 |
| 3 Sep 2022 | 12, 16, 19, 24, 38, 39 | 6 | 1 |
| 31 Aug 2022 | 8, 13, 14, 24, 31, 33 | 35 | 4 |
| 27 Aug 2022 | 12, 21, 30, 32, 35, 39 | 17 | 6 |
| 24 Aug 2022 | 6, 18, 24, 29, 30, 34 | 31 | 1 |
| 20 Aug 2022 | 6, 13, 28, 31, 33, 38 | 15 | 1 |
| 17 Aug 2022 | 1, 5, 11, 20, 27, 32 | 10 | 1 |
| 13 Aug 2022 | 19, 23, 24, 28, 30, 36 | 14 | 6 |
| 10 Aug 2022 | 1, 2, 20, 29, 32, 33 | 4 | 5 |
| 6 Aug 2022 | 13, 21, 29, 37, 38, 39 | 2 | 10 |
| 3 Aug 2022 | 2, 7, 25, 27, 28, 35 | 40 | 7 |
| 30 Jul 2022 | 6, 12, 16, 23, 24, 36 | 13 | 10 |
| 27 Jul 2022 | 13, 15, 19, 20, 28, 32 | 10 | 2 |
| 23 Jul 2022 | 1, 7, 8, 11, 26, 33 | 4 | 5 |
| 20 Jul 2022 | 5, 19, 22, 24, 25, 28 | 30 | 10 |
| 16 Jul 2022 | 3, 16, 18, 30, 31, 34 | 17 | 8 |
| 13 Jul 2022 | 2, 3, 6, 9, 15, 40 | 8 | 3 |
| 9 Jul 2022 | 2, 22, 23, 24, 32, 38 | 25 | 1 |
| 6 Jul 2022 | 10, 24, 28, 31, 35, 38 | 11 | 1 |
| 2 Jul 2022 | 4, 7, 23, 26, 27, 33 | 2 | 1 |
| 29 Jun 2022 | 7, 10, 25, 27, 28, 29 | 18 | 3 |
| 25 Jun 2022 | 4, 20, 33, 37, 39, 40 | 29 | 2 |
| 22 Jun 2022 | 2, 5, 9, 22, 29, 34 | 1 | 7 |
| 18 Jun 2022 | 6, 13, 15, 17, 33, 38 | 3 | 4 |
| 15 Jun 2022 | 9, 12, 21, 22, 25, 35 | 8 | 2 |
| 11 Jun 2022 | 3, 4, 5, 21, 24, 40 | 33 | 6 |
| 8 Jun 2022 | 10, 11, 17, 19, 32, 36 | 21 | 9 |
| 4 Jun 2022 | 5, 10, 19, 30, 31, 36 | 34 | 7 |
| 1 Jun 2022 | 2, 5, 6, 9, 25, 35 | 13 | 2 |
| 28 May 2022 | 10, 13, 17, 26, 30, 31 | 12 | 7 |
| 25 May 2022 | 1, 3, 14, 20, 29, 33 | 25 | 7 |
| 21 May 2022 | 12, 15, 19, 28, 39, 40 | 17 | 4 |
| 18 May 2022 | 1, 7, 23, 29, 31, 37 | 22 | 4 |
| 14 May 2022 | 3, 5, 7, 18, 31, 35 | 4 | 6 |
| 11 May 2022 | 21, 22, 25, 28, 33, 37 | 2 | 1 |
| 7 May 2022 | 5, 14, 16, 24, 31, 39 | 30 | 8 |
| 4 May 2022 | 5, 19, 21, 26, 28, 31 | 34 | 5 |
| 30 Apr 2022 | 2, 6, 15, 22, 29, 38 | 27 | 8 |
| 27 Apr 2022 | 12, 16, 19, 24, 25, 37 | 1 | 5 |
| 23 Apr 2022 | 3, 13, 19, 23, 30, 32 | 25 | 5 |
| 20 Apr 2022 | 3, 4, 15, 17, 19, 34 | 11 | 5 |
| 16 Apr 2022 | 4, 21, 22, 23, 30, 37 | 7 | 10 |
| 13 Apr 2022 | 4, 5, 31, 32, 39, 40 | 37 | 10 |
| 9 Apr 2022 | 4, 13, 27, 28, 35, 36 | 21 | 7 |
| 6 Apr 2022 | 7, 10, 27, 31, 37, 38 | 21 | 6 |
| 2 Apr 2022 | 2, 9, 17, 18, 30, 38 | 37 | 8 |
| 30 Mar 2022 | 4, 5, 6, 15, 22, 40 | 39 | 1 |
| 26 Mar 2022 | 2, 5, 11, 20, 23, 25 | 35 | 4 |
| 23 Mar 2022 | 1, 5, 16, 23, 24, 39 | 38 | 10 |
| 19 Mar 2022 | 17, 20, 23, 30, 31, 40 | 9 | 9 |
| 16 Mar 2022 | 4, 11, 14, 15, 24, 35 | 22 | 6 |
| 12 Mar 2022 | 5, 22, 23, 26, 28, 34 | 32 | 5 |
| 9 Mar 2022 | 5, 13, 15, 16, 28, 39 | 9 | 3 |
| 5 Mar 2022 | 5, 6, 12, 18, 25, 27 | 39 | 3 |
| 2 Mar 2022 | 3, 6, 16, 23, 32, 38 | 11 | 8 |
| 26 Feb 2022 | 1, 20, 21, 26, 27, 36 | 12 | 7 |
| 23 Feb 2022 | 10, 12, 17, 27, 29, 30 | 13 | 1 |
| 19 Feb 2022 | 6, 14, 17, 24, 29, 32 | 38 | 5 |
| 16 Feb 2022 | 5, 7, 33, 34, 38, 40 | 2 | 8 |
| 12 Feb 2022 | 8, 11, 15, 27, 32, 33 | 7 | 2 |
| 1 Dec 2021 | 6, 10, 11, 15, 28, 31 | 14 | 5 |
| 27 Nov 2021 | 8, 17, 20, 26, 31, 37 | 7 | 4 |
| 24 Nov 2021 | 2, 4, 6, 13, 20, 36 | 28 | 5 |
| 20 Nov 2021 | 2, 3, 4, 17, 24, 28 | 8 | 3 |
| 17 Nov 2021 | 6, 7, 10, 30, 34, 39 | 20 | 9 |
| 13 Nov 2021 | 6, 16, 18, 25, 30, 39 | 5 | 5 |
| 10 Nov 2021 | 9, 12, 18, 21, 37, 40 | 26 | 7 |
| 6 Nov 2021 | 5, 18, 20, 26, 31, 37 | 15 | 4 |
| 3 Nov 2021 | 10, 15, 17, 25, 33, 35| 16 | 5 |
| 30 Oct 2021 | 5, 7, 8, 17, 21, 40 | 39 | 8 |
| 27 Oct 2021 | 27, 28, 31, 32, 36, 38| 9 | 9 |
| 23 Oct 2021 | 12, 13, 18, 21, 26, 32| 17 | 10 |
| 20 Oct 2021 | 2, 3, 4, 7, 19, 31 | 8 | 9 |
| 16 Oct 2021 | 2, 7, 19, 28, 32, 40 | 13 | 1 |
| 13 Oct 2021 | 5, 19, 21, 28, 30, 39 | 2 | 10 |
| 9 Oct 2021 | 1, 5, 13, 28, 33, 37 | 25 | 10 |
| 6 Oct 2021 | 9, 21, 22, 32, 35, 37 | 28 | 5 |
| 2 Oct 2021 | 8, 9, 10, 14, 23, 38 | 2 | 2 |
| 29 Sep 2021 | 12, 23, 25, 33, 38, 40| 6 | 9 |
| 25 Sep 2021 | 5, 16, 19, 23, 33, 40 | 20 | 1 |
| 22 Sep 2021 | 8, 11, 21, 23, 28, 34 | 4 | 3 |
| 18 Sep 2021 | 6, 15, 18, 19, 21, 32 | 23 | 1 |
| 15 Sep 2021 | 14, 19, 22, 24, 28, 37| 23 | 9 |
| 11 Sep 2021 | 4, 14, 17, 21, 23, 35 | 32 | 7 |
| 8 Sep 2021 | 3, 27, 33, 35, 36, 37 | 2 | 3 |
| 4 Sep 2021 | 8, 10, 12, 26, 33, 35 | 11 | 7 |
| 1 Sep 2021 | 2, 10, 18, 25, 27, 30 | 40 | 1 |
| 28 Aug 2021 | 6, 22, 26, 28, 29, 39 | 25 | 4 |
| 25 Aug 2021 | 11, 12, 29, 33, 34, 38| 23 | 3 |
| 21 Aug 2021 | 4, 12, 14, 18, 23, 24 | 8 | 7 |
| 18 Aug 2021 | 1, 5, 18, 23, 32, 40 | 29 | 6 |
| 14 Aug 2021 | 10, 23, 24, 29, 35, 38| 25 | 1 |
| 11 Aug 2021 | 3, 7, 10, 18, 25, 29 | 16 | 1 |
| 7 Aug 2021 | 9, 11, 13, 14, 17, 27 | 5 | 5 |
| 4 Aug 2021 | 13, 26, 28, 30, 34, 39| 1 | 3 |
| 31 Jul 2021 | 6, 8, 23, 29, 34, 40 | 1 | 3 |
| 28 Jul 2021 | 6, 8, 9, 10, 20, 30 | 29 | 9 |
| 24 Jul 2021 | 7, 9, 10, 14, 24, 35 | 1 | 8 |
| 21 Jul 2021 | 5, 7, 28, 29, 33, 38 | 23 | 3 |
| 17 Jul 2021 | 3, 5, 8, 11, 32, 36 | 37 | 3 |
| 14 Jul 2021 | 6, 12, 13, 19, 21, 38 | 33 | 8 |
| 10 Jul 2021 | 7, 14, 19, 22, 25, 26 | 27 | 9 |
| 1 Sep 2021 | 2, 10, 18, 25, 27, 30 | 40 | 1 |
| 28 Aug 2021 | 6, 22, 26, 28, 29, 39 | 25 | 4 |
| 25 Aug 2021 | 11, 12, 29, 33, 34, 38| 23 | 3 |
| 21 Aug 2021 | 4, 12, 14, 18, 23, 24 | 8 | 7 |
| 18 Aug 2021 | 1, 5, 18, 23, 32, 40 | 29 | 6 |
| 14 Aug 2021 | 10, 23, 24, 29, 35, 38| 25 | 1 |
| 11 Aug 2021 | 3, 7, 10, 18, 25, 29 | 16 | 1 |
| 7 Aug 2021 | 9, 11, 13, 14, 17, 27 | 5 | 5 |
| 4 Aug 2021 | 13, 26, 28, 30, 34, 39| 1 | 3 |
| 31 Jul 2021 | 6, 8, 23, 29, 34, 40 | 1 | 3 |
| 28 Jul 2021 | 6, 8, 9, 10, 20, 30 | 29 | 9 |
| 24 Jul 2021 | 7, 9, 10, 14, 24, 35 | 1 | 8 |
| 21 Jul 2021 | 5, 7, 28, 29, 33, 38 | 23 | 3 |
| 17 Jul 2021 | 3, 5, 8, 11, 32, 36 | 37 | 3 |
| 14 Jul 2021 | 6, 12, 13, 19, 21, 38 | 33 | 8 |
| 10 Jul 2021 | 7, 14, 19, 22, 25, 26 | 27 | 9 |
| 7 Jul 2021 | 3, 8, 14, 15, 30, 31 | 39 | 3 |
| 3 Jul 2021 | 4, 5, 12, 21, 22, 40 | 7 | 2 |
| 30 Jun 2021 | 1, 8, 9, 13, 22, 35 | 15 | 6 |
| 26 Jun 2021 | 1, 2, 6, 11, 26, 32 | 10 | 3 |
| 23 Jun 2021 | 8, 17, 18, 26, 27, 38 | 10 | 1 |
| 19 Jun 2021 | 12, 13, 23, 27, 30, 31| 32 | 7 |
| 16 Jun 2021 | 17, 22, 25, 26, 35, 39| 19 | 6 |
| 12 Jun 2021 | 4, 12, 15, 18, 24, 36 | 3 | 9 |
| 9 Jun 2021 | 3, 6, 18, 21, 29, 35 | 19 | 1 |
| 5 Jun 2021 | 17, 19, 26, 29, 32, 39| 22 | 2 |
| 2 Jun 2021 | 3, 4, 10, 14, 37, 38 | 34 | 5 |
| 29 May 2021 | 2, 10, 16, 31, 35, 38 | 40 | 5 |
| 26 May 2021 | 7, 13, 16, 30, 31, 39 | 21 | 9 |
| 22 May 2021 | 19, 21, 23, 36, 38, 39| 40 | 9 |
| 19 May 2021 | 1, 11, 16, 22, 30, 34 | 18 | 9 |
| 15 May 2021 | 6, 8, 17, 25, 26, 31 | 15 | 7 |
| 12 May 2021 | 2, 3, 26, 29, 32, 35 | 11 | 3 |
| 8 May 2021 | 6, 17, 26, 29, 34, 35 | 3 | 10 |
| 5 May 2021 | 2, 9, 21, 25, 26, 38 | 18 | 4 |
| 1 May 2021 | 7, 20, 25, 30, 31, 33 | 12 | 6 |
| 28 Apr 2021 | 6, 7, 18, 23, 35, 40 | 17 | 10 |
| 24 Apr 2021 | 4, 5, 21, 26, 31, 36 | 38 | 2 |
| 21 Apr 2021 | 1, 18, 23, 33, 37, 38 | 34 | 7 |
| 17 Apr 2021 | 1, 8, 22, 24, 35, 40 | 6 | 5 |
| 14 Apr 2021 | 1, 9, 12, 16, 21, 23 | 6 | 5 |
| 10 Apr 2021 | 6, 23, 24, 28, 30, 35 | 20 | 10 |
| 19 May 2021 | 1, 11, 16, 22, 30, 34 | 18 | 9 |
| 15 May 2021 | 6, 8, 17, 25, 26, 31 | 15 | 7 |
| 12 May 2021 | 2, 3, 26, 29, 32, 35 | 11 | 3 |
| 8 May 2021 | 6, 17, 26, 29, 34, 35 | 3 | 10 |
| 5 May 2021 | 2, 9, 21, 25, 26, 38 | 18 | 4 |
| 1 May 2021 | 7, 20, 25, 30, 31, 33 | 12 | 6 |
| 28 Apr 2021 | 6, 7, 18, 23, 35, 40 | 17 | 10 |
| 24 Apr 2021 | 4, 5, 21, 26, 31, 36 | 38 | 2 |
| 21 Apr 2021 | 1, 18, 23, 33, 37, 38 | 34 | 7 |
| 17 Apr 2021 | 1, 8, 22, 24, 35, 40 | 6 | 5 |
| 14 Apr 2021 | 1, 9, 12, 16, 21, 23 | 6 | 5 |
| 10 Apr 2021 | 6, 23, 24, 28, 30, 35 | 20 | 10 |
| 7 Apr 2021 | 6, 10, 15, 22, 29, 31 | 38 | 2 |
| 3 Apr 2021 | 8, 15, 16, 21, 25, 34 | 19 | 8 |
| 31 Mar 2021 | 9, 10, 11, 33, 34, 35 | 3 | 10 |
| 27 Mar 2021 | 6, 25, 31, 32, 33, 34 | 39 | 6 |
| 24 Mar 2021 | 2, 13, 17, 20, 27, 33 | 35 | 8 |
| 20 Mar 2021 | 1, 11, 17, 23, 31, 40 | 14 | 5 |
| 17 Mar 2021 | 3, 4, 10, 15, 20, 33 | 28 | 4 |
| 13 Mar 2021 | 1, 7, 11, 19, 22, 26 | 27 | 2 |
| 10 Mar 2021 | 3, 6, 11, 15, 17, 22 | 25 | 10 |
| 6 Mar 2021 | 1, 6, 11, 17, 18, 35 | 15 | 9 |
| 3 Mar 2021 | 3, 9, 20, 22, 26, 39 | 31 | 9 |
| 27 Feb 2021 | 15, 23, 26, 32, 38, 40| 13 | 3 |
| 24 Feb 2021 | 7, 24, 26, 31, 36, 38 | 40 | 5 |
| 20 Feb 2021 | 7, 10, 16, 19, 29, 30 | 11 | 8 |
| 17 Feb 2021 | 15, 16, 25, 26, 31, 33| 12 | 1 |
| 13 Feb 2021 | 1, 8, 16, 18, 20, 27 | 13 | 9 |
| 10 Feb 2021 | 8, 19, 20, 24, 26, 40 | 2 | 4 |
| 6 Feb 2021 | 2, 3, 8, 10, 11, 38 | 35 | 5 |
| 3 Feb 2021 | 1, 19, 24, 26, 32, 37 | 17 | 7 |
| 30 Jan 2021 | 1, 11, 18, 20, 29, 34 | 28 | 4 |
| 27 Jan 2021 | 10, 15, 17, 23, 28, 29| 26 | 9 |
| 23 Jan 2021 | 4, 6, 16, 20, 30, 40 | 18 | 8 |
| 20 Jan 2021 | 5, 6, 9, 11, 17, 38 | 7 | 7 |
| 16 Jan 2021 | 2, 13, 17, 18, 19, 30 | 38 | 3 |
| 13 Jan 2021 | 17, 25, 26, 35, 37, 38| 31 | 4 |
| 9 Jan 2021 | 11, 14, 17, 28, 30, 34| 10 | 9 |
| 6 Jan 2021 | 1, 6, 16, 18, 23, 32 | 3 | 5 |
| 2 Jan 2021 | 4, 15, 20, 29, 36, 39 | 40 | 8 |
| 30 Dec 2020 | 2, 5, 6, 8, 9, 10 | 11 | 3 |
| 26 Dec 2020 | 3, 6, 9, 12, 15, 18 | 21 | 6 |
| 23 Dec 2020 | 19, 25, 26, 27, 34, 38 | 11 | 8 |
| 19 Dec 2020 | 5, 16, 31, 37, 39, 40 | 7 | 8 |
| 16 Dec 2020 | 2, 10, 12, 17, 19, 26 | 29 | 3 |
| 12 Dec 2020 | 1, 5, 9, 18, 21, 35 | 16 | 3 |
| 9 Dec 2020 | 17, 20, 22, 27, 29, 34 | 6 | 9 |
| 5 Dec 2020 | 1, 4, 10, 14, 15, 20 | 8 | 7 |
| 2 Dec 2020 | 2, 4, 6, 25, 30, 40 | 12 | 8 |
| 28 Nov 2020 | 3, 10, 13, 22, 27, 37 | 33 | 1 |
| 25 Nov 2020 | 2, 3, 14, 29, 30, 35 | 9 | 9 |
| 21 Nov 2020 | 5, 6, 7, 15, 19, 36 | 37 | 8 |
| 18 Nov 2020 | 21, 23, 24, 27, 30, 38 | 36 | 8 |
| 14 Nov 2020 | 10, 23, 26, 29, 39, 40 | 15 | 6 |
| 11 Nov 2020 | 3, 4, 13, 17, 26, 35 | 2 | 4 |
| 7 Nov 2020 | 1, 14, 16, 20, 24, 31 | 10 | 4 |
| 4 Nov 2020 | 5, 12, 21, 22, 25, 39 | 37 | 5 |
| 31 Oct 2020 | 3, 19, 22, 26, 28, 39 | 32 | 4 |
| 28 Oct 2020 | 12, 17, 28, 35, 37, 40 | 39 | 1 |
| 24 Oct 2020 | 11, 12, 13, 19, 22, 36 | 2 | 6 |
| 21 Oct 2020 | 1, 6, 18, 26, 38, 40 | 7 | 9 |
| 17 Oct 2020 | 14, 19, 20, 22, 23, 40 | 26 | 7 |
| 14 Oct 2020 | 1, 5, 16, 21, 31, 34 | 40 | 4 |
| 10 Oct 2020 | 1, 5, 20, 31, 32, 33 | 13 | 7 |
| 7 Oct 2020 | 6, 19, 23, 29, 39, 40 | 26 | 8 |
| 3 Oct 2020 | 2, 9, 23, 30, 32, 39 | 3 | 7 |
| 30 Sep 2020 | 12, 16, 25, 29, 35, 39 | 33 | 1 |
| 26 Sep 2020 | 1, 3, 9, 11, 23, 37 | 12 | 3 |
| 23 Sep 2020 | 1, 4, 11, 17, 18, 24 | 5 | 2 |
| 19 Sep 2020 | 6, 7, 17, 26, 34, 40 | 11 | 4 |
| 16 Sep 2020 | 11, 17, 18, 25, 29, 37 | 22 | 8 |
| 12 Sep 2020 | 1, 3, 17, 23, 32, 35 | 18 | 1 |
| 9 Sep 2020 | 1, 5, 15, 21, 24, 36 | 13 | 5 |
| 5 Sep 2020 | 5, 10, 14, 18, 24, 30 | 9 | 5 |
| 2 Sep 2020 | 8, 15, 17, 19, 20, 27 | 11 | 9 |
| 29 Aug 2020 | 8, 14, 19, 20, 23, 37 | 16 | 6 |
| 26 Aug 2020 | 7, 13, 15, 18, 32, 40 | 29 | 8 |
| 22 Aug 2020 | 20, 24, 26, 36, 37, 39 | 4 | 4 |
| 19 Aug 2020 | 13, 25, 26, 30, 31, 37 | 15 | 9 |
| 15 Aug 2020 | 8, 12, 21, 22, 23, 27 | 16 | 1 |
| 12 Aug 2020 | 10, 16, 25, 29, 32, 34 | 40 | 4 |
| 8 Aug 2020 | 4, 7, 11, 16, 23, 28 | 36 | 5 |
| 5 Aug 2020 | 5, 9, 19, 20, 22, 24 | 6 | 4 |
| 29 Jul 2020 | 6, 21, 28, 36, 37, 40 | 17 | 8 |
| 25 Jul 2020 | 10, 11, 12, 28, 38, 40| 33 | 3 |
| 22 Jul 2020 | 4, 10, 18, 20, 30, 40 | 25 | 7 |
| 18 Jul 2020 | 1, 9, 10, 16, 22, 23 | 33 | 10 |
| 15 Jul 2020 | 10, 11, 16, 19, 29, 34| 24 | 4 |
| 11 Jul 2020 | 8, 16, 18, 21, 29, 40 | 2 | 8 |
| 8 Jul 2020 | 14, 15, 24, 31, 32, 37| 17 | 5 |
| 4 Jul 2020 | 2, 6, 7, 23, 25, 30 | 39 | 5 |
| 1 Jul 2020 | 1, 15, 22, 25, 35, 39 | 13 | 4 |
| 27 Jun 2020 | 4, 8, 20, 29, 31, 35 | 19 | 4 |
| 24 Jun 2020 | 4, 29, 34, 35, 39, 40 | 12 | 5 |
| 20 Jun 2020 | 2, 3, 10, 11, 29, 35 | 23 | 8 |
| 17 Jun 2020 | 2, 24, 32, 35, 36, 38 | 40 | 6 |
| 13 Jun 2020 | 2, 8, 17, 18, 27, 29 | 15 | 3 |
| 10 Jun 2020 | 6, 11, 12, 15, 17, 22 | 39 | 8 |
| 6 Jun 2020 | 6, 10, 11, 12, 25, 39 | 5 | 6 |
| 3 Jun 2020 | 2, 29, 30, 33, 35, 40 | 21 | 5 |
| 30 May 2020 | 2, 4, 12, 13, 15, 28 | 5 | 10 |
| 27 May 2020 | 1, 9, 20, 29, 31, 34 | 25 | 1 |
| 23 May 2020 | 10, 12, 14, 28, 32, 35| 29 | 8 |
| 20 May 2020 | 8, 19, 32, 36, 38, 39 | 29 | 2 |
| 16 May 2020 | 10, 15, 20, 26, 31, 34| 5 | 1 |
| 13 May 2020 | 5, 6, 18, 20, 29, 33 | 7 | 9 |
| 9 May 2020 | 7, 15, 22, 27, 29, 38 | 33 | 10 |
| 6 May 2020 | 1, 9, 12, 23, 36, 39 | 13 | 6 |
| 2 May 2020 | 6, 7, 9, 22, 24, 38 | 39 | 4 |
| 29 Apr 2020 | 11, 16, 23, 24, 29, 33| 20 | 3 |
| 25 Apr 2020 | 5, 12, 19, 22, 25, 38 | 32 | 8 |
| 22 Apr 2020 | 5, 7, 8, 16, 31, 33 | 20 | 8 |
| 18 Apr 2020 | 1, 4, 6, 8, 11, 19 | 34 | 1 |
| 15 Apr 2020 | 3, 15, 17, 22, 26, 29 | 18 | 5 |
| 11 Apr 2020 | 8, 17, 23, 25, 27, 28 | 7 | 3 |
| 8 Apr 2020 | 5, 11, 20, 25, 26, 40 | 16 | 2 |
| 4 Apr 2020 | 6, 10, 11, 13, 20, 30 | 31 | 2 |
| 1 Apr 2020 | 8, 21, 25, 28, 32, 35 | 18 | 3 |
| 28 Mar 2020 | 2, 3, 19, 35, 37, 39 | 23 | 10 |
| 25 Mar 2020 | 7, 8, 10, 17, 21, 27 | 29 | 7 |
| 21 Mar 2020 | 9, 16, 18, 19, 20, 28 | 7 | 5 |
| 18 Mar 2020 | 2, 12, 18, 20, 28, 36 | 32 | 10 |
| 14 Mar 2020 | 9, 13, 22, 23, 25, 36 | 37 | 2 |
| 11 Mar 2020 | 8, 13, 21, 22, 29, 40 | 37 | 1 |
| 7 Mar 2020 | 7, 14, 20, 23, 26, 39 | 12 | 2 |
| 4 Mar 2020 | 5, 14, 15, 19, 22, 38 | 8 | 6 |
| 29 Feb 2020 | 1, 3, 5, 7, 9, 11 | 13 | 4 |
| 26 Feb 2020 | 2, 4, 6, 8, 10, 12 | 14 | 6 |
| 22 Feb 2020 | 3, 6, 9, 12, 15, 18 | 21 | 8 |
| 19 Feb 2020 | 4, 8, 12, 16, 20, 24 | 28 | 10 |
| 15 Feb 2020 | 5, 10, 15, 20, 25, 30 | 35 | 12 |
| 12 Feb 2020 | 6, 12, 18, 24, 30, 36 | 42 | 14 |
| 8 Feb 2020 | 7, 14, 21, 28, 35, 42 | 49 | 16 |
| 5 Feb 2020 | 8, 16, 24, 32, 40, 48 | 56 | 18 |
| 1 Feb 2020 | 9, 18, 27, 36, 45, 54 | 63 | 20 |
| 29 Jan 2020 | 10, 20, 30, 40, 50, 60| 70 | 22 |
| 25 Jan 2020 | 11, 22, 33, 44, 55, 66| 77 | 24 |
| 22 Jan 2020 | 12, 24, 36, 48, 60, 72| 84 | 26 |
| 18 Jan 2020 | 13, 26, 39, 52, 65, 78| 91 | 28 |
| 15 Jan 2020 | 14, 28, 42, 56, 70, 84| 98 | 30 |
| 11 Jan 2020 | 15, 30, 45, 60, 75, 90| 105 | 32 |
| 8 Jan 2020 | 16, 32, 48, 64, 80, 96| 112 | 34 |
| 4 Jan 2020 | 17, 34, 51, 68, 85, 102| 119 | 36 |
| 1 Jan 2020 | 18, 36, 54, 72, 90, 108| 126 | 38 |
| 28 Dec 2019 | 6, 10, 16, 24, 28, 34 | 2 | 5 |
| 25 Dec 2019 | 6, 13, 15, 16, 35, 38 | 3 | 7 |
| 21 Dec 2019 | 7, 9, 14, 18, 20, 34 | 8 | 5 |
| 18 Dec 2019 | 6, 19, 21, 24, 32, 34 | 2 | 2 |
| 14 Dec 2019 | 19, 21, 23, 34, 35, 39| 5 | 6 |
| 11 Dec 2019 | 2, 7, 11, 16, 28, 39 | 5 | 7 |
| 7 Dec 2019 | 6, 9, 23, 25, 26, 27 | 39 | 8 |
| 4 Dec 2019 | 1, 8, 15, 16, 22, 30 | 19 | 8 |
| 30 Nov 2019 | 12, 18, 26, 33, 35, 39| 28 | 5 |
| 27 Nov 2019 | 1, 4, 9, 22, 26, 28 | 23 | 7 |
| 23 Nov 2019 | 16, 17, 20, 22, 28, 29| 6 | 5 |
| 20 Nov 2019 | 1, 2, 11, 17, 30, 35 | 7 | 10 |
| 16 Nov 2019 | 13, 18, 19, 32, 33, 39| 2 | 6 |
| 13 Nov 2019 | 2, 9, 10, 17, 22, 31 | 18 | 6 |
| 9 Nov 2019 | 6, 7, 11, 23, 29, 37 | 20 | 6 |
| 6 Nov 2019 | 1, 7, 9, 10, 15, 19 | 26 | 2 |
| 2 Nov 2019 | 13, 16, 21, 23, 27, 35| 26 | 10 |
| 30 Oct 2019 | 5, 7, 10, 11, 36, 39 | 20 | 4 |
| 26 Oct 2019 | 8, 12, 16, 19, 20, 24 | 18 | 10 |
| 23 Oct 2019 | 2, 3, 20, 24, 26, 39 | 22 | 7 |
| 19 Oct 2019 | 6, 12, 21, 28, 35, 38 | 8 | 6 |
| 16 Oct 2019 | 5, 7, 14, 17, 22, 29 | 9 | 2 |
| 12 Oct 2019 | 19, 23, 25, 27, 30, 40| 37 | 1 |
